15 x 7 (matrix_dimensions)
-94  59 -91  -6  69  38  50 
  1  76  50  75  47  12   3 
-75  64   8  80  83  31 -35 
 70  31  49  20 -14  67 -18 
 48 -13  -3  52 -52   3 -53 
-84 -60  94  14 -83  45 -12 
 64 -43  90  86 -78  -3  65 
-96 -70 -71  73  58  78  -8 
-55  44  71  93 -68 -31  44 
-23  71  90 -10 -87  83 -97 
-73  30  -9  88  84 -20  74 
-93  77  40 -90 -92  67  81 
 65  46 -26 -91 -11 -53 -99 
 20  13  44  95 -16  33 -16 
 -4  18 -15  20 -53  75  10 

-68 -44 -15 -64 -68 -76 -55 
-61  90 -75 -97  37  -1 -88 
-73  43 -88  45 -45  54  39 
 38 -12 -78 -67 -95   6  53 
-49 -20 -38 -20  36  46  15 
 67  69  60 -94  59  82 -92 
 -3 -18 -83  22 -76 -73 -34 
-23  80 -96 -84 -31 -75 -51 
-28  31 -99  22 -88 -38 -96 
 45 -91  18  12  75 -23  15 
 35 -39  22 -68  40  37  51 
 62  63 -82 -60  44 -81 -47 
-88 -57   1 -17  71   1 -95 
 81  60 -94  25  66  21 -62 
 43  98  50 -23 -42 -28   6 

 95 -90 -42  56  72 -27  93 
 15  -9 -52  26  32  48 -91 
  4 -51 -87 -16 -92 -82 -89 
 74  38 -54  18  35  96  92 
 90 -31   0  85 -22  57  42 
-51 -68  37  63  20  82 -12 
-47  29  -6  55  77   6 -60 
 85  21 -52  58 -41  -8 -23 
 91 -11 -30  81  55  67  67 
-68  26   8 -20  55 -54 -58 
-24 -73  29  27  56 -77 -19 
 32  28  18  16 -51  66 -25 
  5 -41  51  -3  45 -79 -21 
  1  87 -55  32  12  53 -87 
-34  96 -48  40 -75  80 -32 

 80 -96  48  13  30 -35 -69 
 76 -68   5 -18 -12 -44  76 
-66 -26 -43  34 -40   1 -33 
 72 -47 -23 -63 -49  28  76 
-25   8 -57 -44   9  88  66 
-62 -45  96 -85 -14   1  -6 
 74  54 -28 -93 -71  26  41 
-12 -74 -93 -41 -21 -16  -4 
 29 -89 -29 -95  18  14 -42 
-73   3 -77 -36  55 -81 -23 
-57  19  70 -84 -26 -57 -78 
  0  66  60  85  92  67 -54 
-28 -50  39  98 -42 -91 -98 
 76  22 -41 -98 -75 -21 -35 
 79  -3  39 -79 -83  11 -66 

-12  51 -46  85  19 -87  72 
 10  79 -83  81 -72  53  78 
-14  61  79 -39 -17 -63 -38 
  5  15  24 -17 -86 -35   4 
-72  73  35  14  23  86   0 
-59 -99 -29  50  77 -13  30 
-93 -61   9 -10 -98 -11  48 
-18  23 -89  86 -60  32 -30 
-47  94  71 -22  66   8  91 
 -9  -5  -9  31  -7  61 -19 
-28 -52 -90 -24 -14  19  65 
-13 -93  14  66  30  22  53 
 67 -47 -75 -81 -53  95  -4 
-86   2 -11   4  95  77 -65 
-11  39  13  60  86  22 -63 

