15 x 7 (matrix_dimensions)
-98  95  51 -40   9 -97  71 
-83  27  -4   8 -94  28 -12 
-76 -46 -76  71 -16  78 -59 
 38 -40  95 -95  98  35 -35 
-44 -31 -43 -45 -37 -91  12 
 69 -91 -15  85  36  78  -8 
 41   5  79  63  59 -96  33 
-56  80  73  80 -61  67  82 
-62   1 -52  -9  69   2  46 
-67  11 -41 -97  19  41  86 
-46  21 -23  93 -75 -44  57 
 83 -41 -11 -73 -62 -38 -94 
-24 -70  87  11  31 -64 -96 
 -1  35  47  30 -53 -93  30 
 64  48  17 -83 -32  92 -89 

 -8 -51  65 -25   5 -44  -1 
 43  17   4 -82  44  -8  29 
-26  25  32  73 -39 -20   2 
  6 -16 -67 -31 -69  48 -15 
 -2  41  -6  88  87 -40 -38 
 -7  15  60 -63 -69 -37 -47 
 73  54  81 -52 -22  12 -80 
 36  89  21 -59 -26  52   7 
  3  -1  92  98 -59 -15  87 
-71  44 -50  19 -41 -91  54 
-13 -29 -92 -39 -76  88   7 
  1   1  26 -63 -11 -53 -23 
 62  96  84 -36  -4  75 -36 
 36 -39 -48  62 -94   0 -18 
-38   6 -63  49  77 -58 -89 

 98 -69  17  -1  29 -57  35 
-81 -11 -89  79 -14  94 -56 
 81  68   7  16 -70  57 -23 
-66 -42  58  -5  63  93 -55 
 39 -64 -46  37 -35  70 -63 
 93 -86  71 -88   0  81  90 
 85  75 -65  65  44  40 -20 
 72  -2  56 -93  53  14  -1 
 17   8  44 -44  41  97  92 
-93  66 -70  98  80  98 -89 
-21  78  98 -34  54 -66 -70 
 -2  73  10 -29 -30 -33 -23 
-76  80  73  39 -13  18  92 
-72  14  85 -68 -18 -86 -69 
-39 -89 -61  39  88 -62 -96 

 42 -30 -68 -59 -58  41   9 
 12 -93  83  35  85  57 -27 
-27 -25 -34  -2  88 -48  30 
-31 -37  58  27 -29  97 -34 
-41 -66 -33 -98   3  -2 -60 
 43 -62  48 -46 -55  32  86 
-69 -10 -39   1  62  26 -99 
 52  76  28 -80 -62 -13  47 
  9 -17 -88  67  15 -22  68 
-83  76 -93  59 -87  54 -86 
-43 -15 -98 -15  72 -38  86 
 36  85  84 -13  62  11   6 
-98  95 -48  10 -22 -39 -24 
 92  39 -57 -90  14 -51  69 
 26 -98  80  81 -14  79 -33 

-43 -60 -48  90 -73 -65 -22 
 88  45  82  87  40 -65  -4 
-81  -6  71 -88 -66 -85 -79 
 45 -39  87 -30 -38  67 -48 
 45  47  19 -96  87  68  93 
-85 -95 -27 -98  47 -46  87 
-12 -14 -16   6  79 -45  17 
-86 -33  36  56  28  24 -72 
 89  -8 -21  36 -59  95  37 
-73  65  31 -59  69 -97 -60 
 17 -44 -72 -95  42  10  10 
 22  64 -71  34 -68  64  -9 
 59 -13  16  48  79  95 -15 
-81  89 -77 -55  55  51 -17 
 23  52  22 -60 -91  48 -56 

 48 -41  53 -30 -78  79 -95 
-47  42  -7 -88 -69 -91  59 
-91 -95 -57 -73  91 -37 -31 
 48 -85  49 -30  64 -30   9 
 71 -81  50  20 -25   3  87 
 -4 -17  89  49 -73 -16  60 
-45  -8  18 -37  -6  60 -13 
-14 -78  55 -67 -66   5   3 
 98  74 -89  70  91  61 -11 
-33 -35 -22  63  45 -32  11 
 69  49 -30 -75 -60  87 -13 
 33  46  71 -81  65  27 -49 
 98 -69  51  97 -95  62  66 
 95  22 -43 -39  86  32 -77 
 30 -99  33   1  50 -96  23 

