7 x 6 (matrix_dimensions)
-52 -13  -5  86  96 -21 
-76 -91  14  73 -50 -68 
  3 -48  50 -45  48  38 
 36  24 -96  49  23  80 
 98 -90 -54 -84 -86 -13 
 71 -38  71 -32 -53  66 
 44 -32  74 -42 -58 -75 

-11  44 -25 -60 -99 -78 
 75  34  46  79 -16 -32 
 58 -19 -24 -95  -6 -11 
-11 -33  48 -41  32  94 
-74 -23 -37  97  32   3 
-76 -78 -52  -4 -39 -54 
 17 -64  79 -38 -84 -38 

 28  71  43 -95  73 -62 
 -9 -39   2 -59  19 -65 
-66  44  10  -5  42 -57 
 97  63 -35 -56 -42  23 
-12  73  58 -32 -64  71 
 28  61  41 -30  63  15 
  7 -44  75 -91  -6  -5 

-57  25 -62  50 -79  80 
 93 -83  42 -43 -39 -98 
 77  48  74  35 -85 -91 
  5  40  70 -52 -89  34 
 62  16  89  37  24 -18 
-67  66 -91 -31  16 -71 
-50  10 -54  91  64   4 

 90  40 -49  65 -24 -35 
 74  79 -93  45 -72 -85 
-20  87  30 -31  25 -45 
 50  56 -79  56 -74  36 
 85 -27 -55 -70 -35 -92 
 31 -45  47  81 -79 -77 
-55  94 -99 -51  38 -72 

