7 x 6 (matrix_dimensions)
-73 -94 -10 -15  47  21 
-84 -11 -97  96  -8  90 
 53 -35 -48  76 -14 -59 
 79 -91  75  35  12  -7 
 33  74  86  58  14  51 
 90  40  56 -18 -73   4 
-98 -60  90 -96 -65 -17 

 93  88  45 -56  63 -67 
-18  43 -59 -42 -20  50 
 48 -88  26  35  70 -59 
-15  59  80 -60 -58 -94 
 41 -59 -56  32 -58 -22 
-86 -66 -35  59 -25 -72 
 89  57  70 -71 -86 -51 

 79  60 -39   4  -6 -70 
 44  79  88  23 -80 -70 
 29  61 -30  70  -8  12 
-53   6  45  12 -36 -78 
 37 -46  76   8 -18  87 
 57 -40  48 -81  63 -56 
-54   6 -78 -65 -69 -61 

-36  57 -99  34  28  -9 
-55  74  96  89 -15 -39 
-90 -77  14  83  29  93 
 72 -13 -47  19   3 -83 
 60  48  21  81  82  51 
-78 -54   7 -80  79 -64 
 10 -77 -91   5 -89  -8 

 63 -79  14 -24 -95 -56 
-29  74  28  23  -7 -68 
 37 -46  77 -41 -65  59 
-91 -44 -94  15 -27  82 
 48  81 -94  55 -13 -84 
-52 -50 -66  59  25 -63 
-97  93 -88  30  15   2 

 60 -46  56  38  10  90 
 -2  17 -55   3 -69  15 
-14  79  -3 -11  33  82 
  5  78 -67  38  38  57 
 72  40  50  84 -28 -34 
-15 -67  19 -58  68 -71 
-69 -32  45 -27  68  75 

 88 -46  53 -16  42 -13 
-33 -54 -36  -3  82 -96 
-46  55  43 -95  38 -86 
-30 -75 -56  87 -36 -86 
-85  -5 -21  57  65 -52 
 33  54   1 -14 -62 -55 
 70   2 -10 -64 -99 -27 

