15 x 6 (matrix_dimensions)
 -13985   -1260    5831   -8486  -52423  -11428 
   6660   -9451   -6870   20447  -13780    9201 
  60954   17642   -1965    8677  -26660   31671 
  17667  -13829    7940    4341    5856    6511 
 -18844   12429  -17395    4382   24344   -5261 
  56570    6655   21674  -17987    3110   10910 
  -4166  -40279    1679   10708   29968  -10176 
  54063   -1643   28696  -13572  -44049   14575 
   8751   -7630    7403   -4053  -23243   -3549 
    219    6716    8657   -2915  -29080      72 
   9539  -14264    7331    -730  -23425   -1183 
 -36434    9630   -2734   -3071     796  -14342 
 -12756   15744  -43020   26266   43816    2861 
 -10039  -23161  -14244   25644   18208     160 
  -5175    -135     482   14946   -2590   12539 

  11550   -2173   -3622    2667   30508   27111 
  -5718    3873  -40346   44771    5406   14352 
 -11636    2933   23091   -7993  -12498   13162 
 -10118   22025    4626   -9870  -12960   -3804 
 -16886   -9428   -8065   21169   -3176    9807 
   4816   -7221  -43444   21141   27588   -8697 
   9392   29064   -5477   -7209   22668   10332 
   7410   27330  -19645   19866    2800   14304 
   8281   22628   31397  -28587    4996   14927 
  15651   10324   21032   -9339   -5544   12741 
 -19624  -13078  -11397    5848  -16966  -19742 
  19275   33118  -17269   15360   14660   18424 
 -17930  -26423  -40003   31814   22014    -668 
 -17481   34349    1776   -6799   -3334   -1641 
   8263   20830   -6090   10254   13272   19615 

   7800   16192   -6814  -28952  -10976    5043 
  21504   -7952   17297    -321   11255   18706 
  11739    2772  -20127   10588   20472  -27094 
  17916    7414   29564  -29999   12905    3882 
  27905   18613   -2166  -26130   25609  -21670 
   4697    9956     851  -20899   30878    3090 
  26308   17236   32680  -12627  -13698      51 
  17714   20694    4122  -10381   13798  -18310 
  21428   18045   27235  -55750    5876  -18566 
   5743   -8384   32103   18685  -19092   36560 
 -14869   10506     -60   39595  -18819   29052 
   8173   10343     747    1795   12215  -29123 
 -16958    4648    -248    6460  -21363    -582 
  -2379     478    4573   34502     944    7068 
   7814   -9684    7036   13488   -4384   19015 

 -21302   12776  -34732   -6120    4760   26644 
  -9076    8117  -28418   21684    5564   28106 
  22967   -1361   11558   -9707    9755    6603 
 -39553   -4175  -41111  -14149    6138   -3364 
 -17076   -4716  -15338  -21700   33042   -1200 
 -30661  -17688  -24010   10672    3770   12965 
 -11324    3407     307  -14828   14469   -8384 
 -19757   -6661  -27596   -2672    -730    9369 
  -4051    6981  -31154   -7288   14834   20423 
  25862   -3021   36140  -41532    8000  -20341 
  21260   -8829   23791    8488   10617   11458 
  15460   13369   46718   29492     688  -26627 
  37783   -5042   49758  -17974  -20872   -4495 
 -24870    3947  -37170   15616   -4362   20158 
 -35920    7627  -24200  -12790   -5994    6477 

 -29183   19888  -36239   -5194    6791   53000 
  -1583   30375  -49503   21696  -32280   -5948 
   5550    4445   74829  -36990   19562   30862 
    -92  -19599   45914   -3647   -1855   15554 
   2809   29344  -23598   15300   -8812  -72253 
 -29799    7242  -19272  -31049   42985   14584 
 -30626    8734     233  -18105   26485   27094 
 -13013  -24065   -3169   19416   -5950   31940 
 -10116   28267  -31068   16591  -14320  -39240 
  12686    4939   12387   -7165    1747   -5056 
 -12163   -9547   -8870   -1699   28457  -14859 
 -18545   -7919  -26029   21287   -7088    6188 
  19284  -37108   -5045   29600  -17076  -36852 
   8865   -3178  -10111   19448    2897  -44556 
  22479  -14283   19078   16534  -19864  -15115 

